3 0.1 0.0 
3 0.125 0.0 
3 0.15 0.0 
3 0.175 0.00125 
3 0.2 0.0075 
3 0.225 0.0075 
3 0.25 0.01125 
3 0.275 0.0213032581454 
3 0.325 0.03875 
3 0.1 0.0 
3 0.125 0.0 
3 0.15 0.0 
3 0.175 0.0025 
3 0.2 0.00375 
3 0.225 0.005 
3 0.25 0.01 
3 0.275 0.0110294117647 
3 0.3 0.01 
3 0.1 0.0 
3 0.125 0.0 
3 0.15 0.00125 
3 0.175 0.0 
3 0.2 0.00125 
3 0.225 0.00625 
3 0.25 0.01125 
3 0.275 0.02125 
3 0.3 0.03 
3 0.325 0.0375 
3 0.1 0.0 
3 0.125 0.0 
3 0.15 0.0 
3 0.175 0.00125 
3 0.2 0.0075 
3 0.225 0.0075 
3 0.25 0.00875 
3 0.275 0.015037593985 
3 0.325 0.0375 
3 0.1 0.0 
3 0.125 0.0 
3 0.15 0.00125 
3 0.175 0.00125 
3 0.2 0.005 
3 0.225 0.01 
3 0.25 0.01125 
3 0.3 0.0175 
3 0.325 0.0338541666667 
7 0.1 0.0 
7 0.125 0.0 
7 0.15 0.0 
7 0.175 0.0025 
7 0.2 0.00625 
7 0.225 0.0173611111111 
7 0.25 0.02375 
7 0.275 0.04375 
7 0.3 0.05375 
7 0.325 0.07625 
7 0.1 0.0 
7 0.125 0.0 
